---
build/images/middleman.png: 2015-05-02 20:59:31.778224475 +02:00
build/images/background.png: 2015-05-02 20:59:31.658224469 +02:00
