---
build/images/middleman.png: 2015-05-31 09:59:26.892500398 +02:00
build/images/background.png: 2015-05-31 09:59:26.892500398 +02:00
