---
build/images/middleman.png: 2015-05-02 21:20:53.614283250 +02:00
build/images/background.png: 2015-05-02 21:20:53.614283250 +02:00
